DebugFlag:[0]
Orig File:[CE3PRO_4toGrado.gcode.temp]
RefP:_____[-71][-89]
minXY:____[71][89]
zMinMax:__[0][50]
layerH:___[0.2]
gridHV:___[36][20]
resHV:____[2.2][2.2]
RotDR:____[0][0]

000011111100000000000000011111100000
001111111111111111111111111111111100
011000000000001111111100000000000110
110000000000000000000000000000000010
100000000000000000000000000000000011
100000000000000000000000000000000001
100001111000000000000000001111100001
100001111000000000000000001111100001
100001111000000000000000001111100001
100001111000000000000000001111100001
100001111000000000000000001111100001
100001111111111111111111111111100001
100001111111111111111111111111100001
100001111111111111111111111111100001
100001111111111111111111111111100001
100000000000000000000000000000000001
100000000000000000000000000000000011
110000000000000000000000000000000010
011000000000000000000000000000001110
001111111111111111111111111111111100

