DebugFlag:[0]
Orig File:[CE3PRO_4toGrado.gcode.temp]
RefP:_____[-84.5][-94.5]
minXY:____[84.5][94.5]
zMinMax:__[0][50]
layerH:___[0.16]
gridHV:___[30][21]
resHV:____[2.2][2.2]
RotDR:____[0][0]

000000000000111111110000000000
000000000111100000011000000000
000000011110000000000100000000
000111110000000000000110000000
011110000000000000000011000000
011000000000001110000001100000
110000000000001111100000111000
100000000000001111110000011100
100001111111111111111000001110
100001111111111111111100000111
100001111111111111111110000011
100001111000000000011111000001
100001111000000000011111100001
100001111000000000011111100001
100001111000000000011111100001
100001111000000000011111100001
100000000000000000000000000001
100000000000000000000000000001
110000000000000000000000000011
011000000000000000000000000110
001111111111111111111111111100

