DebugFlag:[0]
Orig File:[CE3PRO_4toGrado.gcode.temp]
RefP:_____[-90.5][-90.5]
minXY:____[90.5][90.5]
zMinMax:__[0][50]
layerH:___[0.16]
gridHV:___[25][25]
resHV:____[2.2][2.2]
RotDR:____[0][0]

0011111111111111111111000
0111000000000000000011110
1100000000000000000000110
1000000000000000000000011
1000000000000000000000011
1000011111111111111100001
1000011111111111111100001
1000011000000000001100001
1000011000000000001100001
1000011000000000001100001
1000011000000000001100001
1000011000000000001100001
1000011000000000001100001
1000011000000000001100001
1000011000000000001100001
1000011000000000001100001
1000011000000000001100001
1000011000000000001100001
1000011111111111111100001
1000011111111111111100001
1000000000000000000000001
1000000000000000000000011
1100000000000000000000011
0110000000000000000001110
0011111111111111111111100

