DebugFlag:[0]
Orig File:[CE3PRO_4toGrado.gcode.temp]
RefP:_____[-94.5][-94.5]
minXY:____[94.5][94.5]
zMinMax:__[0][50]
layerH:___[0.16]
gridHV:___[21][21]
resHV:____[2.2][2.2]
RotDR:____[0][0]

000000111111111000000
000011100000001110000
000110000000000110000
000110000000000001000
011000000000000001110
011000001111100000111
110000001111100000011
100000001111100000001
100001111111111100001
100001111111111100001
100001111111111100001
100001111111111100001
100001111111111100001
100000001111100000001
110000001111100000011
111000001111100000011
011000000000000000110
001100000000000001000
000011000000000110000
000011100000001110000
000001111111111100000

